Andover,2099,2144,2540,3036
Ansonia,21160,19039,18403,18554
Ashford,2156,3221,3765,4098
Avon,8352,11201,13937,15832
Barkhamsted,2066,2935,3369,3494
Beacon Falls,3546,3995,5083,5246
Berlin,14149,15121,16787,18215
Bethany,3857,4330,4608,5040
Bethel,10945,16004,17541,18067
Bethlehem,1923,2573,3071,3422
Bloomfield,18301,18608,19483,19587
Bolton,3691,3951,4575,5017
Bozrah,2036,2135,2297,2357
Branford,20444,23363,27603,28683
Bridgeport,156542,142546,141686,139529
Bridgewater,1277,1563,1654,1824
Bristol,55487,57370,60640,60062
Brookfield,9688,12872,14113,15664
Brooklyn,4965,5691,6681,7173
Burlington,4070,5660,7026,8190
Canaan,931,1002,1057,1081
Canterbury,2673,3426,4467,4692
Canton,6868,7635,8268,8840
Chaplin,1621,1793,2048,2250
Cheshire,19051,21788,25684,28543
Chester,2982,3068,3417,3743
Clinton,10267,11195,12767,13094
Colchester,6603,7761,10980,14551
Colebrook,1020,1221,1365,1471
Columbia,3129,3386,4510,4971
Cornwall,1177,1288,1414,1434
Coventry,8140,8895,10063,11504
Cromwell,7400,10265,12286,12871
Danbury,50781,60470,65585,74848
Darien,20336,18892,18196,19607
Deep River,3690,3994,4332,4610
Derby,12599,12346,12199,12391
Durham,4489,5143,5732,6627
Eastford,922,1028,1314,1618
East Granby,3532,4102,4302,4745
East Haddam,4676,5621,6676,8333
East Hampton,7078,8572,10428,13352
East Hartford,57583,52563,50452,49575
East Haven,25120,25028,26144,28189
East Lyme,11399,13870,15340,18118
Easton,4885,5962,6303,7272
East Windsor,8513,8925,10081,9818
Ellington,7703,9711,11197,12921
Enfield,46189,42695,45532,45212
Essex,4911,5078,5904,6505
Fairfield,56487,54489,53418,57340
Farmington,14390,16407,20608,23641
Franklin,1356,1592,1810,1835
Glastonbury,20651,24327,27901,31876
Goshen,1351,1706,2329,2697
Granby,6150,7956,9369,10347
Greenwich,59755,59578,58441,61101
Griswold,7763,8967,10384,10807
Groton,38244,41062,45144,39907
Guilford,12033,17375,19848,21398
Haddam,4934,6383,6769,7157
Hamden,49357,51071,52434,56913
Hampton,1129,1322,1578,1758
Hartford,158017,136392,139739,121578
Hartland,1303,1416,1866,2012
Harwinton,4318,4889,5228,5283
Hebron,3815,5453,7079,8610
Kent,1990,2505,2918,2858
Killingly,13573,14519,15889,16472
Killingworth,2435,3976,4814,6018
Lebanon,3804,4762,6041,6907
Ledyard,14837,13735,14913,14687
Lisbon,2808,3279,3790,4069
Litchfield,7399,7605,8365,8316
Lyme,1484,1822,1949,2016
Madison,9768,14031,15485,17858
Manchester,47994,49761,51618,57740
Mansfield,19994,20634,21103,20720
Marlborough,2991,4746,5513,5709
Meriden,55959,57118,59479,58244
Middlebury,5542,5995,6145,6451
Middlefield,4132,3796,3925,4203
Middletown,36924,39040,42762,43167
Milford,50858,50898,49938,52305
Monroe,12047,14010,16896,19247
Montville,15662,16455,16673,18546
Morris,1609,1899,2039,2301
Naugatuck,23034,26456,30625,30989
New Britain,83441,73840,75491,71538
New Canaan,17451,17931,17864,19395
New Fairfield,6991,11260,12911,13953
New Hartford,3970,4884,5769,6088
New Haven,137707,126109,130474,123626
Newington,26037,28841,29208,29306
New London,31630,28842,28540,25671
New Milford,14601,19420,23629,27121
Newtown,16942,19107,20779,25031
Norfolk,2073,2156,2060,1660
North Branford,10778,11554,12996,13906
North Canaan,3045,3185,3284,3350
North Haven,22194,22080,22247,23035
North Stonington,3748,4219,4884,4991
Norwalk,79288,77767,78331,82951
Norwich,41739,38074,37391,36117
Old Lyme,4964,6159,6535,7406
Old Saybrook,8468,9287,9552,10367
Orange,13524,13237,12830,13233
Oxford,4480,6634,8685,9821
Plainfield,11957,12774,14363,14619
Plainville,16733,16401,17392,17328
Plymouth,10321,10732,11822,11634
Pomfret,2529,2775,3102,3798
Portland,8812,8383,8418,8732
Preston,3593,4644,5006,4688
Prospect,6543,6807,7775,8707
Putnam,8598,8580,9031,9002
Redding,5590,7272,7927,8270
Ridgefield,18188,20120,20919,23643
Rocky Hill,11103,14559,16554,17966
Roxbury,1238,1468,1825,2136
Salem,1453,2335,3310,3858
Salisbury,3573,3896,4090,3977
Scotland,1022,1072,1215,1556
Seymour,12776,13434,14288,15454
Sharon,2491,2623,2928,2968
Shelton,27165,31314,35418,38101
Sherman,1459,2281,2809,3827
Simsbury,17475,21161,22023,23234
Somers,6893,8473,9108,10417
Southbury,7852,14156,15818,18567
Southington,30946,36879,38518,39728
South Windsor,15553,17198,22090,24412
Sprague,2912,2996,3008,2971
Stafford,8680,9268,11091,11307
Stamford,108798,102453,108056,117083
Sterling,1853,1791,2357,3099
Stonington,15940,16220,16919,17906
Stratford,49775,50541,49389,49976
Suffield,8634,9294,11427,13552
Thomaston,6233,6276,6947,7503
Thompson,7580,8141,8668,8878
Tolland,7857,9694,11001,13146
Torrington,31952,30987,33687,35202
Trumbull,31394,32989,32016,34243
Union,443,546,612,693
Vernon,27237,27974,29841,28063
Voluntown,1452,1637,2113,2528
Wallingford,35714,37274,40822,43026
Warren,827,1027,1226,1254
Washington,3121,3657,3905,3596
Waterbury,108033,103266,108961,107271
Waterford,17227,17843,17930,19152
Watertown,18610,13489,20453,21661
Westbrook,3820,5216,5414,6292
West Hartford,68031,61301,60110,63589
West Haven,52851,53184,54021,52360
Weston,7417,8284,8648,10037
Westport,27318,25290,24410,25749
Wethersfield,26662,26013,25651,26271
Willington,3755,4694,5979,5959
Wilton,13572,15351,15989,17633
Winchester,11106,10841,11524,10664
Windham,19626,21062,22039,22857
Windsor,22502,25204,27817,28237
Windsor Locks,15080,12190,12358,12043
Wolcott,12495,13008,13700,15215
Woodbridge,7673,7761,7924,8983
Woodbury,5869,6942,8131,9198
Woodstock,4311,5117,6008,7221
